"";"AIELLO DEL FRIULI";"AMARO";"AMPEZZO";"AQUILEIA";"ARBA";"ARTA TERME";"ARTEGNA, MONTENARS";"ATTIMIS";"AVIANO";"AZZANO DECIMO";"BAGNARIA ARSA";"BARCIS, ANDREIS";"BASILIANO";"BERTIOLO";"BICINICCO";"BORDANO";"BRUGNERA";"BUDOIA";"BUJA, TREPPO GRANDE";"BUTTRIO";"CAMINO AL TAGLIAMENTO";"CAMPOFORMIDO";"CAMPOLONGO TAPOGLIANO";"CANEVA";"CARLINO";"CASARSA DELLA DELIZIA";"CASSACCO";"CASTELNOVO DEL FRIULI";"CASTIONS DI STRADA";"CAVASSO NUOVO";"CAVAZZO CARNICO";"CERVIGNANO DEL FRIULI";"CHIONS";"CHIOPRIS-VISCONE";"CHIUSAFORTE";"CIMOLAIS, ERTO E CASSO";"CIVIDALE DEL FRIULI, PREPOTTO";"CLAUT";"CLAUZETTO";"CODROIPO";"COLLOREDO DI MONTE ALBANO";"CORDENONS";"CORMONS";"CORNO DI ROSAZZO";"COSEANO";"DIGNANO";"DOBERDO' DEL LAGO";"DOLEGNA DEL COLLIO";"DRENCHIA, GRIMACCO";"DUINO AURISINA";"FAEDIS";"FAGAGNA, SAN VITO DI FAGAGNA";"FANNA";"FIUME VENETO";"FIUMICELLO VILLA VICENTINA";"FLAIBANO";"FOGLIANO REDIPUGLIA";"FONTANAFREDDA";"FORGARIA NEL FRIULI";"FORNI AVOLTRI";"FORNI DI SOPRA";"FORNI DI SOTTO";"FRISANCO";"GEMONA DEL FRIULI";"GONARS";"GORIZIA, MOSSA, SAN FLORIANO DEL COLLIO";"GRADISCA D'ISONZO, SAGRADO";"GRADO";"LATISANA";"LAUCO";"LESTIZZA";"LIGNANO SABBIADORO";"LUSEVERA";"MAGNANO IN RIVIERA";"MAJANO";"MALBORGHETTO VALBRUNA";"MANIAGO, VAJONT";"MANZANO";"MARANO LAGUNARE";"MARIANO DEL FRIULI";"MARTIGNACCO";"MEDEA";"MEDUNO";"MERETO DI TOMBA";"MOGGIO UDINESE";"MOIMACCO";"MONFALCONE";"MONRUPINO";"MONTEREALE VALCELLINA";"MORSANO AL TAGLIAMENTO";"MORTEGLIANO";"MORUZZO";"MUGGIA";"MUZZANA DEL TURGNANO";"NIMIS, TAIPANA";"OSOPPO";"PAGNACCO";"PALAZZOLO DELLO STELLA";"PALMANOVA";"PALUZZA";"PASIAN DI PRATO";"PASIANO DI PORDENONE";"PAULARO";"PAVIA DI UDINE";"PINZANO AL TAGLIAMENTO";"POCENIA";"POLCENIGO";"PONTEBBA, DOGNA";"PORCIA";"PORDENONE";"PORPETTO";"POVOLETTO";"POZZUOLO DEL FRIULI";"PRADAMANO";"PRATA DI PORDENONE";"PRATO CARNICO, OVARO";"PRAVISDOMINI";"PRECENICCO";"PREMARIACCO";"PULFERO, SAVOGNA";"RAGOGNA";"REANA DEL ROJALE";"REMANZACCO";"RESIA";"RESIUTTA";"RIGOLATO, RAVASCLETTO, COMEGLIANS";"RIVE D'ARCANO";"RIVIGNANO TEOR";"ROMANS D'ISONZO";"RONCHI DEI LEGIONARI";"RONCHIS";"ROVEREDO IN PIANO";"RUDA";"SACILE";"SAN CANZIAN D'ISONZO";"SAN DANIELE DEL FRIULI";"SAN DORLIGO DELLA VALLE";"SAN GIORGIO DELLA RICHINVELDA";"SAN GIORGIO DI NOGARO";"SAN GIOVANNI AL NATISONE";"SAN LEONARDO";"SAN LORENZO ISONTINO, FARRA D'ISONZO, MORARO, CAPRIVA DEL FRIULI";"SAN MARTINO AL TAGLIAMENTO";"SAN PIER D'ISONZO";"SAN PIETRO AL NATISONE";"SAN QUIRINO";"SAN VITO AL TAGLIAMENTO";"SAN VITO AL TORRE";"SANTA MARIA LA LONGA";"SAPPADA";"SAURIS";"SAVOGNA D'ISONZO";"SEDEGLIANO";"SEQUALS";"SESTO AL REGHENA, CORDOVADO";"SGONICO";"SOCCHIEVE, ENEMONZO, PREONE, RAVEO";"SPILIMBERGO";"STARANZANO";"STREGNA";"SUTRIO, CERCIVENTO";"TALMASSONS";"TARCENTO";"TARVISIO";"TAVAGNACCO";"TERZO D'AQUILEIA";"TOLMEZZO";"TORREANO";"TORVISCOSA";"TRAMONTI DI SOPRA";"TRAMONTI DI SOTTO";"TRASAGHIS";"TRAVESIO";"TREPPO LIGOSULLO";"TRICESIMO";"TRIESTE";"TRIVIGNANO UDINESE";"TURRIACO";"UDINE";"VALVASONE ARZENE";"VARMO";"VENZONE";"VERZEGNIS";"VILLA SANTINA";"VILLESSE";"VISCO";"VITO D'ASIO";"VIVARO";"ZOPPOLA";"ZUGLIO"
"AIELLO DEL FRIULI";0;26;5;133;1;8;24;9;36;33;340;3;63;26;110;1;21;1;62;107;2;72;210;4;62;36;27;0;76;8;4;786;14;46;11;0;177;0;0;152;28;26;177;56;14;17;27;7;2;83;34;80;4;77;211;10;51;32;7;7;2;0;2;93;143;438;243;239;201;1;25;74;0;22;49;12;40;158;44;50;345;90;9;13;5;16;378;12;12;36;78;17;37;54;28;53;58;39;580;3;93;16;4;197;8;50;3;10;24;184;114;57;97;162;22;10;15;18;54;2;9;40;87;3;15;3;20;107;193;235;16;2;218;40;61;88;37;12;243;213;11;71;11;30;25;15;63;237;97;6;1;18;19;6;41;28;10;58;90;0;9;112;43;40;198;170;71;2;116;1;1;11;5;5;108;450;43;34;950;19;16;29;6;13;585;275;3;9;26;6
"AMARO";26;0;115;23;1;163;257;26;43;47;54;7;98;38;48;58;30;5;404;81;9;101;6;17;30;64;160;4;22;6;171;113;59;4;73;8;185;2;2;203;65;37;70;22;49;58;7;5;0;54;62;171;8;149;33;23;15;74;70;91;33;21;1;891;50;164;64;81;145;48;27;71;12;180;197;173;86;81;16;8;780;14;18;38;247;21;139;3;28;47;82;23;22;41;117;449;155;19;136;95;128;28;85;147;34;46;5;163;66;292;43;126;109;113;52;163;35;17;64;4;27;152;114;89;163;74;51;87;26;81;12;20;15;73;10;347;22;34;104;68;23;25;25;14;25;26;91;6;19;38;55;12;46;35;51;15;228;150;17;0;253;74;239;315;517;20;1238;6;14;2;4;178;13;85;413;370;2;2;1465;31;26;631;161;275;185;25;13;10;46;168
"AMPEZZO";5;115;0;5;1;50;44;13;11;13;16;3;27;4;13;8;7;1;83;18;0;18;7;5;5;16;33;0;6;2;55;35;11;2;10;2;65;2;0;42;19;7;15;10;13;12;2;3;1;16;20;44;1;23;5;9;3;10;15;39;71;36;0;186;6;35;16;11;43;33;5;23;3;27;33;19;22;21;4;1;250;3;7;7;31;9;26;0;2;13;18;7;5;13;35;77;31;8;40;35;37;5;24;32;9;6;1;27;14;76;5;29;27;33;11;102;3;2;14;1;7;52;42;25;26;32;8;26;18;15;5;3;3;14;3;67;9;14;18;19;11;7;6;4;10;7;28;4;4;25;126;4;9;8;13;2;193;39;4;0;110;20;57;44;117;5;447;5;2;3;7;37;4;29;106;98;1;1;408;5;5;74;46;206;49;4;8;3;13;62
"AQUILEIA";133;23;5;0;1;15;20;12;38;35;242;12;51;28;65;1;19;4;55;111;7;55;128;10;70;28;26;3;51;5;4;1149;26;11;3;6;265;0;0;146;22;36;202;60;19;17;43;14;1;186;40;72;2;72;635;4;97;39;15;7;4;0;3;91;103;577;293;978;227;2;30;95;1;19;49;17;33;114;52;54;349;43;10;15;4;16;672;2;11;27;66;17;51;72;31;53;63;45;503;2;80;17;7;134;11;58;3;13;42;212;90;51;77;137;38;6;23;26;48;3;11;48;81;4;8;4;25;103;179;468;21;22;250;48;169;122;58;16;284;131;16;128;7;82;15;25;77;71;68;9;8;20;14;8;52;43;9;97;173;1;10;97;48;47;200;627;65;6;125;0;1;15;8;6;121;875;22;108;1116;18;14;23;4;11;762;141;1;4;23;5
"ARBA";1;1;1;1;0;1;3;1;63;12;2;7;5;3;0;1;10;4;9;6;4;5;0;16;0;20;4;9;3;68;0;8;8;0;0;4;9;4;2;27;3;33;7;1;10;29;0;1;0;5;3;16;87;107;2;8;0;37;6;1;0;1;17;14;2;14;6;3;8;0;0;5;0;3;10;1;302;5;2;0;113;1;71;3;0;0;4;1;33;4;4;0;2;1;2;7;9;0;2;0;5;10;1;7;48;3;2;0;32;188;3;9;1;7;19;1;3;1;2;0;12;4;5;0;1;0;14;2;4;2;0;25;1;28;0;58;1;47;2;6;0;1;11;0;1;31;36;0;0;0;0;0;3;133;18;1;1;207;2;0;1;11;9;5;16;0;5;0;1;8;7;1;58;1;13;27;0;0;83;10;2;1;1;0;19;8;6;87;19;1
"ARTA TERME";8;163;50;15;1;0;64;7;12;12;16;1;24;7;10;8;4;2;88;25;4;26;3;6;5;18;53;2;7;1;67;32;14;1;11;0;57;3;0;51;18;16;11;8;9;11;2;4;0;21;21;46;2;31;5;6;4;20;18;35;12;7;0;266;12;46;17;23;31;34;5;26;5;50;40;19;18;20;7;3;364;2;5;7;40;9;38;1;6;11;16;14;7;11;31;81;38;3;40;151;58;7;82;35;13;12;0;20;10;88;10;32;32;55;12;80;8;4;15;3;9;57;33;11;26;53;20;22;9;23;3;8;3;20;3;95;11;3;15;16;7;5;7;5;5;7;22;3;5;17;19;2;6;3;11;3;117;49;6;1;328;13;77;61;154;6;710;2;5;2;1;44;5;132;118;136;2;2;576;11;2;82;96;128;90;7;5;2;11;250
"ARTEGNA, MONTENARS";24;257;44;20;3;64;0;76;46;41;65;12;140;44;62;91;25;10;1208;160;11;156;9;16;15;54;659;5;43;6;125;139;30;5;41;2;368;4;3;264;176;45;101;44;87;82;10;15;3;60;191;339;11;129;37;30;26;54;214;35;13;8;3;1743;42;226;74;98;167;25;49;108;30;758;479;79;92;97;26;13;1251;19;18;57;88;54;153;2;20;48;101;87;25;31;423;913;328;28;148;35;234;20;38;184;61;38;3;89;51;304;39;327;177;280;45;59;18;16;111;10;80;449;268;47;79;33;139;145;43;102;15;20;10;66;21;602;10;50;118;99;49;26;21;13;59;22;113;16;32;15;41;8;46;39;42;11;83;206;29;1;109;101;1017;226;973;21;605;28;25;2;3;255;17;41;1114;406;9;4;2474;25;24;265;32;117;254;50;16;18;39;54
"ATTIMIS";9;26;13;12;1;7;76;0;9;11;12;2;52;9;26;4;5;2;124;59;5;52;5;7;10;14;96;0;10;1;9;49;11;2;10;1;192;0;0;81;32;10;46;19;34;17;7;10;1;23;180;117;1;38;9;9;9;16;23;13;4;3;0;151;26;74;20;45;54;3;13;38;8;102;75;16;22;48;5;5;370;4;1;23;9;28;37;2;3;10;31;104;3;12;169;80;158;5;61;6;86;7;7;80;14;14;1;8;14;104;16;261;48;108;11;18;12;8;53;5;5;153;121;9;12;7;38;44;19;38;5;7;5;16;5;108;12;10;35;42;29;20;5;2;32;4;34;9;15;3;13;2;13;8;19;2;16;48;10;1;17;34;183;40;290;10;77;17;4;0;0;33;7;6;242;135;7;3;761;6;5;21;3;20;80;13;8;0;10;4
"AVIANO";36;43;11;38;63;12;46;9;0;1052;92;302;120;69;40;7;1017;1266;138;67;53;104;10;1332;30;497;53;32;27;142;16;162;532;2;19;86;174;120;19;800;43;1715;74;29;65;103;9;10;4;93;54;202;220;3461;44;38;21;3157;49;16;14;1;87;223;52;313;79;113;524;1;20;298;3;41;121;29;1859;66;29;12;1015;13;146;54;15;17;226;5;1068;197;60;36;36;48;44;130;75;37;201;5;121;647;5;93;139;51;671;23;2090;7663;60;64;73;87;1076;20;285;38;32;5;22;69;69;6;18;5;44;186;40;113;33;4772;16;3219;22;459;30;376;128;59;26;40;164;6;24;1815;938;14;23;20;19;12;60;268;480;22;17;1056;35;2;27;111;80;122;224;15;154;3;27;51;62;34;138;6;139;876;11;8;1625;287;50;47;16;31;645;102;24;296;647;9
"AZZANO DECIMO";33;47;13;35;12;12;41;11;1052;0;112;93;117;63;59;0;1028;204;101;85;65;117;11;465;36;892;37;8;34;42;19;199;1997;0;5;33;191;40;19;702;41;1324;122;35;74;106;17;7;3;97;38;195;75;4145;51;46;23;1509;39;15;12;3;35;151;46;322;86;114;796;2;31;421;4;41;95;29;651;104;54;12;759;11;70;39;13;16;264;6;206;380;81;17;43;63;27;117;59;63;202;3;128;1699;4;124;94;66;126;13;1588;6202;77;46;102;112;1747;24;1171;51;53;2;34;62;88;6;11;7;47;320;51;105;41;630;20;1650;21;350;33;358;175;102;8;36;152;12;18;617;2009;8;28;27;15;10;86;159;1251;25;17;700;52;1;28;152;64;92;220;21;143;10;31;19;26;16;77;5;162;755;3;14;1620;392;63;32;3;34;447;78;17;120;989;8
"BAGNARIA ARSA";340;54;16;242;2;16;65;12;92;112;0;7;152;84;315;1;47;13;155;224;15;188;156;13;195;95;68;0;291;15;8;1350;77;37;5;3;392;3;0;502;43;76;294;104;43;53;43;31;2;197;98;185;8;260;354;25;64;122;12;17;16;3;3;184;551;789;396;497;706;4;81;237;3;46;97;25;112;276;145;81;957;111;9;47;15;31;710;13;22;115;249;33;119;218;71;114;128;144;1215;9;228;47;9;401;18;197;8;25;110;532;389;130;304;427;68;30;40;103;102;3;16;137;175;6;23;8;42;419;223;490;69;39;199;115;107;241;77;51;706;302;45;127;30;55;54;42;205;139;221;16;12;38;54;26;111;59;22;157;170;4;38;384;115;79;462;280;155;17;366;1;3;25;12;4;286;1120;68;65;2270;40;63;46;7;28;1274;373;2;11;80;12
"BARCIS, ANDREIS";3;7;3;12;7;1;12;2;302;93;7;0;18;7;10;0;66;45;14;18;4;14;0;69;6;50;8;1;4;22;1;24;49;0;4;96;29;102;5;59;2;130;13;4;10;18;6;0;0;19;8;23;41;292;8;3;3;179;13;4;3;1;29;26;5;31;10;9;65;0;1;26;3;7;10;5;346;7;5;2;135;1;28;5;2;7;31;1;157;17;12;7;5;7;9;29;15;8;28;0;21;37;1;12;42;9;50;5;149;614;4;7;12;26;88;5;33;9;3;0;6;10;10;1;2;2;10;23;8;14;4;164;4;157;0;70;5;57;17;6;3;2;19;1;4;106;87;2;4;7;1;2;3;39;51;3;7;175;4;0;5;17;12;19;39;4;30;2;3;12;14;6;25;0;19;104;3;1;181;28;5;9;1;1;45;11;12;40;54;5
"BASILIANO";63;98;27;51;5;24;140;52;120;117;152;18;0;315;232;16;71;14;408;245;48;810;21;36;62;168;193;9;167;10;25;300;121;14;18;13;415;8;2;1441;191;112;167;93;302;138;24;25;5;102;178;1071;14;431;80;136;29;152;76;31;6;4;10;412;163;339;115;174;502;7;455;216;6;121;377;41;178;246;65;37;1828;24;28;515;31;71;284;11;53;207;414;399;51;135;149;277;389;70;337;15;747;66;11;399;94;156;7;60;133;719;96;274;506;498;98;45;52;57;142;10;64;289;343;18;30;14;253;542;65;169;42;39;28;158;20;729;40;107;288;233;61;58;52;16;68;90;366;30;94;25;20;18;330;63;175;28;50;373;44;3;65;643;277;169;863;38;279;27;59;8;13;60;29;13;604;652;23;10;3336;124;128;81;16;59;419;86;15;24;133;19
"BERTIOLO";26;38;4;28;3;7;44;9;69;63;84;7;315;0;106;1;32;7;76;92;62;180;17;14;43;123;37;3;89;2;4;125;59;4;4;0;111;1;1;1005;36;55;51;30;62;45;6;5;2;33;49;198;8;228;29;54;10;47;19;11;2;1;2;103;68;124;39;60;301;3;210;133;2;25;71;14;57;77;41;5;545;13;10;65;10;24;93;1;13;198;171;27;22;56;37;64;74;50;133;3;179;29;2;129;24;116;8;10;66;362;62;64;127;135;24;14;27;34;43;1;16;66;82;3;5;6;66;491;26;48;43;28;13;75;6;223;12;50;109;78;12;18;28;7;15;36;251;11;29;9;5;2;144;23;103;9;19;129;18;1;18;435;64;57;216;16;85;6;27;1;2;12;12;7;152;211;12;3;1107;79;155;27;6;18;190;40;1;14;76;7
"BICINICCO";110;48;13;65;0;10;62;26;40;59;315;10;232;106;0;4;53;10;133;217;19;220;63;14;90;71;67;1;409;1;7;411;45;20;3;4;302;6;0;490;58;47;140;71;60;32;18;16;3;76;91;214;5;173;102;27;27;65;22;19;4;4;1;128;528;293;115;188;349;4;138;140;2;42;107;21;65;223;86;32;733;53;10;59;7;39;245;2;18;93;548;49;38;132;63;160;104;63;601;4;208;26;5;549;16;126;3;26;74;295;205;126;491;414;83;29;35;42;106;6;13;123;193;7;17;13;59;313;109;135;28;21;52;67;36;177;33;43;380;214;54;54;17;25;39;37;140;45;314;15;11;17;61;18;64;20;17;129;50;3;28;518;103;53;373;79;127;22;108;1;4;19;9;4;213;438;57;23;1787;40;54;43;3;33;421;103;6;10;66;8
"BORDANO";1;58;8;1;1;8;91;4;7;0;1;0;16;1;4;0;0;0;108;8;2;9;0;3;1;4;24;0;4;1;71;12;2;0;7;2;21;0;1;16;7;0;3;1;9;5;0;0;0;6;7;31;0;7;1;5;0;3;16;6;3;2;0;340;3;14;1;2;7;0;1;8;1;63;46;17;10;7;2;3;153;1;2;3;22;4;6;0;1;1;6;6;4;1;31;203;19;1;8;8;13;1;3;9;1;1;0;11;2;23;5;23;7;16;1;10;2;3;7;0;6;36;18;8;17;2;15;7;1;3;1;2;1;3;1;66;0;0;5;4;4;3;0;1;4;2;1;0;4;2;6;0;2;3;3;1;5;17;4;0;17;7;59;29;79;0;124;0;0;0;0;138;1;3;73;29;0;0;239;3;2;139;5;15;28;0;0;0;3;3
"BRUGNERA";21;30;7;19;10;4;25;5;1017;1028;47;66;71;32;53;0;0;232;90;63;31;59;5;948;43;329;29;2;24;36;9;108;571;1;2;21;122;26;5;324;20;675;90;27;40;74;9;9;2;72;32;105;31;2149;18;23;13;2392;10;16;11;0;13;83;49;191;58;65;351;2;21;192;3;25;68;14;413;100;22;10;384;14;38;23;9;14;124;9;140;132;56;10;33;44;15;128;36;22;108;4;62;1149;1;89;39;44;199;10;1822;4497;45;31;63;61;2995;13;460;21;23;2;12;33;69;8;6;4;26;120;32;65;25;695;5;3574;8;241;14;170;127;129;16;18;59;7;8;413;634;9;22;21;2;11;31;80;377;17;12;353;26;0;13;95;35;56;127;9;83;11;18;9;16;15;30;6;74;513;3;1;911;146;22;25;1;11;246;46;7;70;372;6
"BUDOIA";1;5;1;4;4;2;10;2;1266;204;13;45;14;7;10;0;232;0;21;14;8;9;2;532;4;77;8;1;6;13;1;14;97;0;0;20;28;19;2;84;3;324;9;10;9;14;4;2;0;13;7;24;24;640;9;3;4;927;6;4;1;0;6;28;10;50;12;14;66;0;6;32;1;7;16;6;257;7;5;0;153;0;21;5;3;2;51;3;96;31;11;3;6;10;6;22;14;6;30;1;8;136;0;18;20;6;335;2;513;1510;17;12;11;16;236;3;40;4;4;1;2;14;11;2;1;0;9;28;4;20;2;911;4;830;3;64;12;48;20;12;2;3;20;1;1;290;155;1;3;4;1;0;10;34;87;6;1;168;9;0;2;25;9;22;39;2;16;1;4;7;5;2;27;2;24;132;1;0;252;35;7;5;2;3;114;11;3;36;120;0
"BUJA, TREPPO GRANDE";62;404;83;55;9;88;1208;124;138;101;155;14;408;76;133;108;90;21;0;356;19;405;28;41;50;141;1123;16;92;19;147;317;85;8;68;7;744;5;9;666;795;100;188;88;252;238;32;27;5;156;297;953;28;363;75;86;31;174;460;98;39;17;5;2249;125;479;177;191;392;19;101;248;34;976;1840;163;255;285;53;27;2548;32;34;159;146;108;386;12;47;96;226;226;60;71;589;1807;713;47;349;53;481;66;50;468;183;80;14;115;138;721;116;536;395;475;115;97;44;44;190;15;223;728;456;80;136;46;358;311;94;235;35;51;28;186;25;1651;44;131;351;267;106;52;54;18;101;72;283;40;68;36;54;23;154;105;114;37;145;513;58;0;147;274;1498;503;1807;46;946;41;47;5;8;391;46;44;2054;914;23;14;4799;71;50;434;57;188;518;109;43;28;116;80
"BUTTRIO";107;81;18;111;6;25;160;59;67;85;224;18;245;92;217;8;63;14;356;0;22;370;63;29;67;91;206;4;114;9;23;475;62;39;14;6;1251;4;3;561;93;73;514;358;111;65;44;82;17;170;365;426;10;221;112;50;56;106;50;24;19;3;6;360;195;788;315;358;375;5;101;217;7;129;241;41;142;1469;80;115;1388;88;20;86;20;193;490;9;26;85;272;97;54;79;184;272;333;59;576;16;456;40;10;945;29;94;7;34;89;537;142;515;560;1238;61;35;39;37;578;24;28;373;813;11;29;11;112;284;218;411;30;33;65;122;44;429;40;59;292;901;142;192;18;32;187;58;197;71;158;23;21;29;71;40;97;34;34;201;106;12;53;265;295;176;1014;94;263;90;76;1;6;36;15;15;703;998;76;32;4304;47;62;56;15;48;796;160;4;18;65;21
"CAMINO AL TAGLIAMENTO";2;9;0;7;4;4;11;5;53;65;15;4;48;62;19;2;31;8;19;22;0;37;1;13;6;169;4;1;17;3;4;30;59;1;1;2;40;1;0;432;11;49;22;8;15;25;3;1;0;9;10;51;2;220;5;19;6;45;4;4;0;0;0;25;14;37;8;17;111;0;24;39;0;7;25;5;48;10;7;1;184;2;6;10;2;6;32;1;8;116;36;6;8;15;10;28;15;15;36;2;27;30;1;34;16;18;5;5;57;293;18;14;22;33;52;3;28;6;9;0;8;22;17;1;4;1;18;134;8;19;18;17;5;57;1;86;5;52;32;15;3;4;51;2;2;35;303;6;6;2;3;1;48;15;105;0;2;88;2;0;5;64;11;16;47;4;20;1;0;6;1;5;8;2;40;79;4;1;325;161;151;4;4;6;44;13;1;8;94;0
"CAMPOFORMIDO";72;101;18;55;5;26;156;52;104;117;188;14;810;180;220;9;59;9;405;370;37;0;24;28;72;175;208;5;157;12;21;351;96;12;18;12;520;9;0;939;149;103;202;84;158;95;18;21;4;132;203;562;14;310;74;80;48;136;64;36;10;2;3;360;156;470;162;211;485;3;247;262;5;113;286;59;148;303;76;47;1704;24;10;178;46;87;324;10;41;174;398;129;49;139;187;270;330;74;387;11;942;60;19;512;60;126;8;42;121;715;135;307;887;620;95;38;50;53;178;12;44;327;351;17;42;16;135;413;86;207;58;41;26;152;25;514;44;87;288;272;87;64;41;19;91;61;270;35;97;15;13;25;157;32;147;38;43;258;55;4;60;461;280;204;966;55;273;28;57;5;4;63;22;14;633;801;33;16;4040;86;96;93;14;67;486;127;4;13;110;14
"CAMPOLONGO TAPOGLIANO";210;6;7;128;0;3;9;5;10;11;156;0;21;17;63;0;5;2;28;63;1;24;0;0;27;9;16;0;38;1;4;569;5;16;1;2;77;0;1;72;10;8;146;31;6;6;30;5;0;75;16;31;1;30;203;7;32;11;6;8;3;0;3;34;64;367;227;170;98;0;10;34;0;10;19;8;13;80;25;42;178;67;3;2;6;11;265;2;3;7;36;5;11;35;16;13;13;29;254;0;34;6;2;89;3;27;1;3;12;87;58;21;44;78;13;4;2;14;27;0;2;23;45;3;1;1;13;60;192;159;8;4;297;14;58;31;14;11;131;96;10;89;1;27;11;8;29;149;37;4;3;12;6;5;14;9;4;17;68;0;2;62;10;20;80;142;25;2;65;1;0;3;3;1;43;250;11;23;519;9;10;11;2;6;453;84;1;1;13;1
"CANEVA";4;17;5;10;16;6;16;7;1332;465;13;69;36;14;14;3;948;532;41;29;13;28;0;0;10;182;11;7;10;25;3;54;256;1;6;32;62;37;3;191;9;536;21;19;19;37;5;5;3;36;11;62;57;1397;10;14;7;2077;11;13;4;1;23;71;18;83;26;34;203;0;7;111;3;16;26;11;370;31;10;3;283;3;34;18;8;4;63;4;143;61;19;6;17;13;11;42;31;16;46;2;35;378;3;45;47;28;483;9;1024;3118;22;22;20;24;713;5;132;9;14;0;10;15;25;4;6;2;11;46;16;37;6;863;2;3293;3;151;8;125;38;26;9;10;44;3;6;401;325;3;10;16;7;5;17;71;182;5;13;275;8;0;6;53;27;42;74;9;40;2;7;22;10;9;45;2;45;334;1;0;586;101;12;25;3;4;189;37;9;59;253;3
"CARLINO";62;30;5;70;0;5;15;10;30;36;195;6;62;43;90;1;43;4;50;67;6;72;27;10;0;38;25;1;145;3;6;503;29;13;6;2;128;0;0;250;17;23;100;34;23;23;19;7;2;60;33;64;5;94;93;22;17;35;9;7;10;0;0;60;151;202;105;160;617;5;35;225;1;23;39;12;42;103;468;22;430;44;7;30;8;12;170;1;7;68;124;13;30;378;29;30;41;212;310;6;91;27;6;112;6;192;3;12;44;194;264;45;101;182;22;11;24;134;38;2;6;61;60;8;8;4;18;289;49;101;55;6;30;49;26;82;18;30;936;103;13;41;13;15;12;11;81;33;42;6;7;11;26;16;80;5;14;65;36;1;15;219;48;51;154;70;71;5;168;3;5;15;4;2;103;327;19;8;947;25;39;11;3;13;446;103;4;4;35;12
"CASARSA DELLA DELIZIA";36;64;16;28;20;18;54;14;497;892;95;50;168;123;71;4;329;77;141;91;169;175;9;182;38;0;45;18;57;42;14;197;666;6;10;22;179;23;9;1221;48;654;86;32;114;180;8;6;2;102;63;263;39;2649;41;110;25;667;38;22;3;1;13;181;64;282;83;80;509;4;46;262;1;39;143;42;536;91;45;16;964;17;64;67;28;20;195;13;140;460;109;23;40;74;40;162;71;55;190;6;171;339;3;133;91;72;57;36;670;3509;59;89;118;147;444;19;261;55;40;4;42;85;112;6;20;7;81;355;43;142;39;298;16;707;12;463;27;647;161;89;21;39;410;9;21;325;2836;8;45;19;14;10;143;170;1082;17;23;892;32;1;22;219;85;136;276;22;197;9;29;22;17;19;58;5;180;621;13;9;1778;1228;119;51;3;39;389;74;19;118;1509;12
"CASSACCO";27;160;33;26;4;53;659;96;53;37;68;8;193;37;67;24;29;8;1123;206;4;208;16;11;25;45;0;8;49;7;49;141;20;2;30;3;479;4;5;293;244;37;116;56;105;107;9;8;9;72;270;393;7;126;34;33;17;45;135;33;16;8;2;1009;51;247;80;112;189;15;50;137;34;658;497;65;84;188;27;20;1487;14;18;62;62;70;166;1;11;56;143;132;34;40;548;464;444;20;173;37;314;15;26;238;57;51;3;60;47;299;44;514;231;348;30;46;12;18;125;6;70;674;316;33;70;24;119;166;50;119;16;14;11;56;8;574;14;35;106;144;63;36;16;12;59;35;115;17;45;14;23;11;47;38;41;15;57;191;24;1;76;120;1314;218;1183;21;423;24;22;3;3;125;31;35;1770;477;14;8;2925;24;22;178;36;80;313;53;11;7;27;39
"CASTELNOVO DEL FRIULI";0;4;0;3;9;2;5;0;32;8;0;1;9;3;1;0;2;1;16;4;1;5;0;7;1;18;8;0;1;23;0;5;6;0;0;2;12;1;11;30;2;12;1;2;13;68;0;0;1;4;6;22;20;62;0;11;0;14;22;2;0;0;5;14;1;10;4;3;11;1;2;5;0;1;14;1;79;4;0;0;92;1;66;2;1;2;5;0;13;1;4;0;0;0;4;26;7;1;6;0;8;3;1;2;88;0;1;0;14;96;1;7;4;6;7;0;2;1;4;1;47;8;5;0;1;0;16;6;1;2;0;5;1;13;0;76;0;19;4;2;5;1;21;0;2;4;26;0;0;1;1;0;9;112;6;1;3;186;0;0;2;5;6;7;22;1;7;1;0;16;17;3;134;1;8;21;0;0;97;19;5;4;2;4;14;3;13;14;16;2
"CASTIONS DI STRADA";76;22;6;51;3;7;43;10;27;34;291;4;167;89;409;4;24;6;92;114;17;157;38;10;145;57;49;1;0;2;2;395;21;15;3;2;189;2;1;424;31;28;109;48;53;32;6;10;2;54;44;158;5;109;94;25;14;35;13;11;6;2;1;104;403;196;86;111;403;4;115;171;3;29;79;9;47;114;81;24;680;43;4;47;5;20;159;1;7;91;399;35;12;228;39;56;77;134;402;3;186;18;1;255;21;187;3;10;35;232;248;75;322;287;30;9;12;90;61;2;19;106;121;3;9;3;38;356;66;111;40;9;52;46;23;159;17;28;363;124;30;35;11;16;28;19;118;44;102;3;8;3;43;13;58;11;11;95;38;1;23;572;71;42;275;65;74;7;112;0;1;6;10;2;181;291;31;6;1365;42;67;21;3;23;385;93;1;6;32;5
"CAVASSO NUOVO";8;6;2;5;68;1;6;1;142;42;15;22;10;2;1;1;36;13;19;9;3;12;1;25;3;42;7;23;2;0;2;18;33;0;0;13;21;11;7;41;14;78;8;3;9;41;1;1;0;9;8;40;213;278;2;6;2;74;17;4;3;0;53;30;6;21;8;11;24;2;2;13;0;2;23;3;471;5;4;2;183;2;188;11;0;5;18;0;86;18;11;4;1;5;5;22;11;2;21;1;15;31;2;5;66;3;13;1;72;452;9;5;8;10;50;6;17;2;5;0;17;9;10;2;2;2;14;15;8;11;1;60;5;76;0;91;2;61;17;12;5;2;21;1;5;63;97;1;4;3;5;1;7;151;25;2;4;326;2;0;2;15;6;5;32;9;20;3;9;63;44;2;104;1;22;59;2;0;186;29;6;3;1;7;45;6;7;53;60;0
"CAVAZZO CARNICO";4;171;55;4;0;67;125;9;16;19;8;1;25;4;7;71;9;1;147;23;4;21;4;3;6;14;49;0;2;2;0;26;9;1;14;2;45;0;1;42;25;8;17;6;9;11;3;1;1;13;19;43;2;21;5;6;3;17;28;23;19;11;1;346;5;35;13;23;30;18;8;20;2;60;79;26;23;18;4;1;306;7;5;9;53;9;34;0;5;12;9;14;8;6;24;183;41;4;26;28;23;7;35;34;15;5;0;35;15;70;3;24;25;32;14;51;4;5;8;3;14;65;37;25;35;29;17;22;10;16;7;6;4;14;3;104;8;9;18;14;9;1;2;2;5;5;27;1;6;10;25;4;4;10;19;5;92;36;3;0;92;20;80;71;153;0;519;2;7;0;2;149;6;25;148;97;0;1;461;7;6;119;113;124;60;13;7;3;10;63
"CERVIGNANO DEL FRIULI";786;113;35;1149;8;32;139;49;162;199;1350;24;300;125;411;12;108;14;317;475;30;351;569;54;503;197;141;5;395;18;26;0;154;88;26;5;783;9;5;909;92;148;837;253;96;73;186;57;6;607;175;388;18;476;1593;40;291;205;43;42;31;4;7;456;663;2532;1335;1775;1436;6;131;495;3;125;199;62;208;550;360;227;1943;264;23;88;27;67;2826;27;39;196;400;71;185;465;123;259;253;308;2022;10;482;106;20;688;35;317;20;59;203;1163;704;254;518;799;141;40;103;193;209;15;29;266;410;15;40;7;82;677;750;1770;116;56;927;264;534;429;158;87;1890;690;84;470;38;277;84;85;425;328;329;28;25;110;92;39;221;140;40;304;752;6;56;640;247;276;934;1555;379;30;796;5;8;44;19;15;594;2978;122;335;5095;88;99;109;10;67;3430;597;5;20;147;21
"CHIONS";14;59;11;26;8;14;30;11;532;1997;77;49;121;59;45;2;571;97;85;62;59;96;5;256;29;666;20;6;21;33;9;154;0;1;7;27;116;24;9;588;32;692;67;37;61;69;12;7;0;69;36;149;36;2634;26;49;10;873;15;10;6;2;19;125;36;225;62;71;691;2;29;240;1;28;77;17;364;67;22;11;516;3;40;33;18;6;156;9;107;339;64;9;40;59;32;116;39;44;117;2;88;872;2;104;46;61;88;12;932;3517;65;38;66;76;795;22;1292;33;36;1;18;47;60;7;10;5;42;263;38;107;48;284;8;903;9;268;13;229;158;98;7;32;114;6;12;323;1781;19;9;22;11;15;70;102;1465;22;15;438;32;1;22;144;57;74;181;23;92;2;20;12;10;15;48;3;103;546;6;7;1135;340;54;29;9;21;341;66;6;62;583;5
"CHIOPRIS-VISCONE";46;4;2;11;0;1;5;2;2;0;37;0;14;4;20;0;1;0;8;39;1;12;16;1;13;6;2;0;15;0;1;88;1;0;0;0;57;0;0;30;3;5;85;29;0;4;4;11;1;9;16;14;1;8;26;2;4;2;1;1;0;0;1;16;32;98;57;33;40;1;8;18;0;2;11;4;9;80;11;25;80;142;1;2;1;7;57;0;0;2;22;9;3;6;5;8;8;5;161;1;19;0;0;71;1;12;1;1;1;24;20;12;22;85;2;1;3;3;23;4;2;9;27;0;2;0;5;17;74;36;2;1;15;5;8;20;3;5;30;148;8;21;1;8;9;2;9;46;29;0;1;3;3;3;0;2;6;13;14;0;1;22;5;2;43;18;13;4;9;0;1;0;1;1;25;64;44;5;225;6;2;1;1;3;130;16;2;0;3;1
"CHIUSAFORTE";11;73;10;3;0;11;41;10;19;5;5;4;18;4;3;7;2;0;68;14;1;18;1;6;6;10;30;0;3;0;14;26;7;0;0;2;46;1;0;31;21;7;14;8;10;8;8;2;1;21;14;38;1;24;6;5;2;20;12;13;6;3;1;146;7;35;13;19;25;1;2;23;3;32;32;69;24;10;1;2;122;1;5;8;63;4;26;1;13;7;9;6;5;8;28;73;34;6;17;7;26;0;9;21;9;5;1;84;16;58;6;28;19;30;3;17;4;6;10;3;6;26;22;48;83;7;10;14;4;20;2;7;4;12;2;62;3;12;18;8;4;5;0;0;14;5;18;3;3;8;4;2;12;6;6;8;20;27;6;0;26;12;46;161;93;3;142;2;3;0;1;26;4;3;84;91;0;0;260;1;1;70;7;23;40;13;1;5;9;15
"CIMOLAIS, ERTO E CASSO";0;8;2;6;4;0;2;1;86;33;3;96;13;0;4;2;21;20;7;6;2;12;2;32;2;22;3;2;2;13;2;5;27;0;2;0;12;177;5;26;3;43;3;5;6;9;2;0;0;10;6;17;15;110;2;1;2;54;10;7;7;0;9;15;2;15;5;1;17;3;3;10;1;5;10;8;202;5;1;1;58;1;26;8;1;2;16;0;80;8;5;6;6;1;2;13;4;1;12;2;6;22;1;8;11;2;12;3;50;255;0;5;12;10;31;3;16;2;3;0;4;3;8;4;0;2;6;3;6;7;0;38;1;66;0;33;4;15;4;5;6;4;9;0;4;47;41;1;3;9;9;0;2;29;23;0;6;58;4;0;3;7;3;13;26;2;17;3;0;8;7;7;12;2;7;52;1;0;95;7;2;9;2;7;24;10;11;15;24;3
"CIVIDALE DEL FRIULI, PREPOTTO";177;185;65;265;9;57;368;192;174;191;392;29;415;111;302;21;122;28;744;1251;40;520;77;62;128;179;479;12;189;21;45;783;116;57;46;12;0;12;3;942;221;142;1188;781;158;145;75;261;116;377;1308;725;26;438;221;73;130;176;111;64;41;13;6;901;257;1702;571;692;723;14;120;435;17;323;463;111;248;1430;132;189;2936;158;33;135;45;593;901;17;40;170;431;175;146;158;546;499;569;121;975;34;731;73;26;936;78;145;26;84;196;1149;229;1284;605;1734;119;88;62;93;1512;171;72;751;2002;28;51;48;200;481;358;635;51;73;126;295;103;952;82;106;479;1404;871;356;58;62;1188;97;379;86;200;58;48;60;125;66;180;77;87;435;171;70;127;385;768;417;2052;166;652;569;104;12;9;94;40;31;1569;2163;96;75;8003;95;94;167;31;120;1433;332;15;28;126;57
"CLAUT";0;2;2;0;4;3;4;0;120;40;3;102;8;1;6;0;26;19;5;4;1;9;0;37;0;23;4;1;2;11;0;9;24;0;1;177;12;0;3;28;6;57;2;4;1;8;2;1;0;8;3;12;17;143;1;1;1;70;11;4;2;2;14;7;2;8;3;2;22;1;1;6;1;5;7;6;253;4;1;1;54;0;22;1;1;2;13;0;90;10;3;0;3;0;6;6;2;1;6;0;7;24;6;3;12;2;14;1;58;320;0;5;2;6;31;2;16;0;4;0;1;7;6;1;0;0;8;6;5;8;4;70;0;82;0;27;3;18;5;5;3;1;10;3;2;52;36;1;2;1;2;1;3;22;27;2;2;77;2;0;5;8;3;9;13;0;16;0;1;4;8;5;11;0;6;40;1;0;90;14;2;3;2;3;14;4;6;13;18;2
"CLAUZETTO";0;2;0;0;2;0;3;0;19;19;0;5;2;1;0;1;5;2;9;3;0;0;1;3;0;9;5;11;1;7;1;5;9;0;0;5;3;3;0;12;2;4;0;2;7;23;0;0;0;0;3;10;5;34;0;2;1;11;36;1;0;0;2;18;1;1;1;1;9;1;1;2;0;9;8;2;33;1;0;0;39;0;15;4;0;0;3;0;5;4;2;1;1;0;3;16;3;2;3;0;7;9;0;2;23;1;2;2;7;74;1;4;1;1;4;2;6;1;2;0;19;4;4;0;4;0;8;2;0;1;0;12;0;12;0;35;0;9;2;1;2;0;20;0;0;5;13;0;0;1;3;0;1;50;8;0;3;81;0;0;0;4;5;8;14;0;11;0;0;9;41;2;65;0;9;10;0;0;47;8;1;5;0;4;5;0;22;9;11;2
"CODROIPO";152;203;42;146;27;51;264;81;800;702;502;59;1441;1005;490;16;324;84;666;561;432;939;72;191;250;1221;293;30;424;41;42;909;588;30;31;26;942;28;12;0;265;611;415;191;601;422;43;54;7;263;293;1300;63;2268;205;526;106;702;157;65;22;7;34;822;356;1016;352;418;1993;14;518;887;10;225;609;124;674;520;200;53;3649;69;96;506;71;141;766;11;176;940;812;200;124;379;280;558;510;326;998;29;942;318;31;824;216;531;56;96;675;3535;357;471;799;935;460;77;266;271;277;21;157;524;614;28;82;27;460;2137;218;438;213;405;92;788;72;1743;79;570;727;474;132;131;331;52;117;307;2144;79;191;48;46;40;998;216;841;72;103;1333;123;5;113;1536;456;367;1562;140;682;37;146;18;23;101;98;28;1080;1820;53;41;7299;756;818;168;41;131;1187;316;29;119;842;45
"COLLOREDO DI MONTE ALBANO";28;65;19;22;3;18;176;32;43;41;43;2;191;36;58;7;20;3;795;93;11;149;10;9;17;48;244;2;31;14;25;92;32;3;21;3;221;6;2;265;0;35;67;28;168;122;2;6;1;56;113;705;7;114;26;35;11;47;156;20;7;5;8;475;32;137;42;80;147;6;53;93;6;158;919;47;83;85;11;12;1093;7;14;123;45;27;88;4;13;39;95;273;16;37;133;438;357;16;99;6;227;19;7;167;81;34;2;37;38;271;42;175;159;194;32;44;16;14;71;4;149;229;164;14;31;11;289;114;25;71;14;11;9;55;4;744;11;58;94;73;34;24;26;9;34;25;93;13;36;13;21;4;55;46;40;7;38;235;14;0;38;88;308;137;634;15;205;9;17;7;7;88;23;5;701;311;5;6;1762;37;26;76;17;39;174;42;10;8;34;26
"CORDENONS";26;37;7;36;33;16;45;10;1715;1324;76;130;112;55;47;0;675;324;100;73;49;103;8;536;23;654;37;12;28;78;8;148;692;5;7;43;142;57;4;611;35;0;68;39;50;104;17;6;1;92;39;163;97;3243;46;48;27;1674;35;13;7;2;62;163;50;283;84;100;489;4;33;270;5;25;92;32;961;62;40;12;831;12;100;33;17;9;175;6;381;194;79;22;33;54;29;94;61;40;168;6;136;618;6;105;95;58;231;19;1804;6742;49;59;84;98;878;17;300;37;32;3;17;79;83;10;15;5;38;207;40;106;34;1241;13;1769;18;356;28;424;110;62;14;29;141;12;11;1160;1168;4;39;15;12;9;67;199;619;24;10;851;35;2;23;87;80;95;216;19;143;5;20;25;33;14;104;8;135;726;4;12;1578;375;52;45;9;25;383;82;21;186;956;8
"CORMONS";177;70;15;202;7;11;101;46;74;122;294;13;167;51;140;3;90;9;188;514;22;202;146;21;100;86;116;1;109;8;17;837;67;85;14;3;1188;2;0;415;67;68;0;722;63;60;135;248;15;387;186;250;9;226;322;21;231;98;25;19;11;3;6;253;165;2637;1269;653;399;7;63;189;4;81;145;45;114;798;71;480;1047;291;8;55;16;100;1255;11;20;78;167;52;114;96;133;153;176;57;674;11;262;58;14;462;27;92;7;26;111;586;166;230;270;685;103;22;52;47;394;25;22;227;426;6;24;7;56;200;852;887;23;30;153;129;204;305;90;65;340;1302;115;917;26;129;178;80;196;121;130;22;10;121;58;42;97;72;23;195;298;10;44;178;183;132;587;174;199;68;96;6;5;30;11;10;445;1627;58;130;2972;72;51;41;11;45;1619;246;5;10;73;17
"CORNO DI ROSAZZO";56;22;10;60;1;8;44;19;29;35;104;4;93;30;71;1;27;10;88;358;8;84;31;19;34;32;56;2;48;3;6;253;37;29;8;5;781;4;2;191;28;39;722;0;23;13;23;150;12;95;172;137;3;93;76;8;52;42;14;18;7;1;1;98;63;588;243;160;163;2;27;88;4;34;72;24;34;537;46;101;482;67;10;38;11;78;287;4;5;32;77;28;38;41;77;73;83;33;304;6;132;18;1;255;11;37;6;11;37;230;58;175;123;406;32;23;22;30;366;19;7;115;341;4;15;2;27;109;167;225;19;11;46;61;54;151;34;26;126;782;94;177;10;39;117;23;75;39;59;13;9;25;27;14;46;25;12;66;72;1;20;93;98;55;354;48;93;57;40;4;1;12;6;5;222;521;36;36;1508;14;26;22;5;14;517;95;0;8;28;12
"COSEANO";14;49;13;19;10;9;87;34;65;74;43;10;302;62;60;9;40;9;252;111;15;158;6;19;23;114;105;13;53;9;9;96;61;0;10;6;158;1;7;601;168;50;63;23;0;293;6;5;0;24;69;880;21;234;21;169;4;78;144;14;2;1;9;247;45;119;50;63;132;4;69;78;2;79;332;24;159;90;16;15;1098;10;31;246;21;20;87;1;32;55;90;135;14;40;82;247;182;14;119;3;198;31;8;136;118;35;8;10;73;376;48;109;139;178;42;14;27;11;58;8;133;124;107;15;20;5;576;164;26;48;5;32;11;80;2;847;14;116;77;93;20;16;57;4;22;63;171;8;31;11;12;10;202;96;59;15;20;507;12;0;26;160;139;80;400;17;131;7;27;8;14;38;44;5;306;219;7;4;1420;74;50;43;11;34;177;25;14;27;60;9
"DIGNANO";17;58;12;17;29;11;82;17;103;106;53;18;138;45;32;5;74;14;238;65;25;95;6;37;23;180;107;68;32;41;11;73;69;4;8;9;145;8;23;422;122;104;60;13;293;0;7;10;6;32;45;476;41;419;23;214;7;118;155;22;6;5;14;230;37;114;26;53;149;9;37;67;3;68;339;19;279;81;11;7;926;10;83;74;16;15;108;4;52;73;45;52;22;42;63;280;152;25;70;8;124;57;11;112;236;49;12;19;117;581;33;95;81;99;93;14;37;22;32;3;179;120;70;9;23;7;359;154;16;54;12;48;9;105;3;1164;2;383;86;74;23;24;212;0;19;67;257;8;19;8;15;7;123;264;110;12;21;1064;12;0;24;97;114;78;303;8;169;4;13;19;28;44;131;5;274;261;7;4;1196;173;36;51;17;46;154;44;58;50;160;17
"DOBERDO' DEL LAGO";27;7;2;43;0;2;10;7;9;17;43;6;24;6;18;0;9;4;32;44;3;18;30;5;19;8;9;0;6;1;3;186;12;4;8;2;75;2;0;43;2;17;135;23;6;7;0;3;0;379;22;23;2;36;105;1;76;24;4;5;2;1;2;38;31;500;277;200;64;0;5;31;4;11;15;7;7;51;11;43;133;24;1;5;6;9;848;18;4;9;19;7;83;19;17;37;21;13;95;0;28;5;1;50;3;22;5;6;18;91;34;23;43;49;12;2;5;6;18;1;2;23;27;4;6;2;5;31;95;436;12;10;33;18;94;32;59;5;106;65;12;96;0;61;14;9;23;22;11;5;2;57;10;4;15;77;5;13;249;0;9;28;23;30;86;49;34;7;23;1;2;8;1;2;41;758;4;61;406;4;3;9;1;4;359;57;1;2;12;1
"DOLEGNA DEL COLLIO";7;5;3;14;1;4;15;10;10;7;31;0;25;5;16;0;9;2;27;82;1;21;5;5;7;6;8;0;10;1;1;57;7;11;2;0;261;1;0;54;6;6;248;150;5;10;3;0;3;27;40;30;2;26;13;4;16;13;5;4;2;0;0;32;14;192;58;36;45;1;7;26;2;17;23;1;8;149;10;29;129;17;2;2;3;33;73;2;5;13;23;4;10;10;22;18;32;6;60;3;40;5;0;72;0;13;0;3;12;65;21;45;35;118;8;5;7;7;98;9;4;31;102;0;1;2;8;33;49;51;4;4;9;14;8;48;6;6;19;186;31;73;1;6;40;4;25;6;17;6;1;6;3;5;14;6;6;19;14;1;5;24;25;14;95;10;18;21;13;0;1;1;4;0;66;149;7;7;408;3;6;4;0;6;119;27;2;1;6;3
"DRENCHIA, GRIMACCO";2;0;1;1;0;0;3;1;4;3;2;0;5;2;3;0;2;0;5;17;0;4;0;3;2;2;9;1;2;0;1;6;0;1;1;0;116;0;0;7;1;1;15;12;0;6;0;3;0;2;26;9;0;6;3;2;0;3;0;1;0;0;0;9;1;27;3;7;6;0;4;4;0;4;2;0;2;21;1;1;41;1;0;4;0;11;8;0;1;0;7;2;2;3;3;6;5;3;4;0;5;1;1;7;1;1;2;2;1;12;5;10;7;27;2;1;1;0;27;13;2;18;31;0;0;0;1;3;2;5;0;1;1;5;1;7;1;1;6;24;86;4;0;1;76;2;5;1;1;0;3;1;0;0;0;1;0;4;3;16;1;6;10;1;22;1;4;17;1;0;0;2;2;0;22;16;2;1;106;4;0;2;2;2;10;6;2;0;4;0
"DUINO AURISINA";83;54;16;186;5;21;60;23;93;97;197;19;102;33;76;6;72;13;156;170;9;132;75;36;60;102;72;4;54;9;13;607;69;9;21;10;377;8;0;263;56;92;387;95;24;32;379;27;2;0;77;143;12;224;254;10;188;136;31;32;10;2;4;196;109;1519;629;783;360;4;36;174;4;46;93;56;110;200;55;132;689;59;24;39;21;35;2372;130;19;68;115;35;602;75;76;172;133;48;378;14;144;58;7;177;31;80;13;36;123;606;136;114;161;208;76;23;48;46;94;8;17;120;130;12;26;6;41;164;241;1243;26;39;112;160;239;231;450;35;346;222;39;233;12;148;50;54;206;59;50;28;16;105;25;31;90;578;29;147;729;3;34;124;116;195;377;156;155;17;88;3;9;22;19;9;253;5009;17;158;1943;46;27;77;8;32;1366;272;3;15;60;11
"FAEDIS";34;62;20;40;3;21;191;180;54;38;98;8;178;49;91;7;32;7;297;365;10;203;16;11;33;63;270;6;44;8;19;175;36;16;14;6;1308;3;3;293;113;39;186;172;69;45;22;40;26;77;0;274;8;137;40;21;24;40;60;21;19;5;3;362;74;310;118;126;189;7;50;117;13;191;207;34;79;341;30;31;1096;39;10;66;32;255;147;1;15;67;139;72;23;46;340;203;273;29;215;15;317;26;16;336;37;43;8;44;41;314;50;992;230;518;31;23;20;12;431;54;31;425;777;18;26;10;74;145;79;157;12;17;20;60;15;322;31;31;100;295;185;72;11;18;251;30;91;23;57;21;18;11;39;31;44;18;33;128;29;9;30;124;417;125;900;30;207;223;26;6;0;46;12;8;690;491;22;11;2769;32;29;66;17;42;318;88;5;15;36;15
"FAGAGNA, SAN VITO DI FAGAGNA";80;171;44;72;16;46;339;117;202;195;185;23;1071;198;214;31;105;24;953;426;51;562;31;62;64;263;393;22;158;40;43;388;149;14;38;17;725;12;10;1300;705;163;250;137;880;476;23;30;9;143;274;0;40;569;90;216;39;228;289;47;30;10;18;975;146;541;217;243;521;7;216;296;11;277;1203;88;381;366;85;47;3503;38;73;661;68;113;394;8;83;194;377;679;64;124;325;783;837;75;449;28;809;82;24;583;268;147;31;74;194;1130;141;525;518;630;133;63;71;56;218;15;296;557;476;27;55;28;971;531;103;259;37;93;26;221;28;2118;50;247;306;335;95;95;112;26;101;135;414;39;124;30;28;22;311;184;180;27;73;965;78;5;105;493;585;297;1695;62;521;26;78;14;19;133;92;37;1274;982;38;23;5259;171;95;160;24;109;598;124;34;49;167;39
"FANNA";4;8;1;2;87;2;11;1;220;75;8;41;14;8;5;0;31;24;28;10;2;14;1;57;5;39;7;20;5;213;2;18;36;1;1;15;26;17;5;63;7;97;9;3;21;41;2;2;0;12;8;40;0;339;6;20;3;112;23;3;2;1;62;33;4;35;11;11;42;0;6;13;1;6;22;2;742;6;4;1;233;3;166;12;3;4;24;0;120;23;13;4;2;8;7;20;14;5;15;1;23;44;0;16;75;12;20;4;116;571;5;7;13;22;52;3;23;3;4;0;16;5;15;1;3;1;23;26;7;11;3;114;7;102;1;112;2;81;23;6;4;5;28;0;3;105;107;1;4;2;3;0;16;170;41;2;1;378;3;0;2;14;12;12;40;3;23;1;1;49;44;0;99;1;21;73;1;0;235;43;6;4;2;3;46;7;9;77;77;4
"FIUME VENETO";77;149;23;72;107;31;129;38;3461;4145;260;292;431;228;173;7;2149;640;363;221;220;310;30;1397;94;2649;126;62;109;278;21;476;2634;8;24;110;438;143;34;2268;114;3243;226;93;234;419;36;26;6;224;137;569;339;0;105;197;63;3956;126;46;22;8;126;464;136;779;209;234;1988;6;100;909;7;97;313;82;2439;220;98;35;3174;29;334;144;39;66;560;14;714;983;252;45;109;198;105;456;183;168;452;14;359;2128;8;328;359;223;468;53;3630;14691;163;198;301;356;2688;57;1451;175;114;3;115;202;252;18;38;29;187;944;111;307;145;2258;39;4554;40;1205;74;1262;408;214;48;72;586;26;47;1535;4692;34;68;59;32;25;299;686;2597;50;56;2585;94;0;83;487;200;311;800;77;360;21;67;112;102;68;342;16;462;1859;22;12;4575;1397;222;133;20;73;1506;308;53;408;2882;19
"FIUMICELLO VILLA VICENTINA";211;33;5;635;2;5;37;9;44;51;354;8;80;29;102;1;18;9;75;112;5;74;203;10;93;41;34;0;94;2;5;1593;26;26;6;2;221;1;0;205;26;46;322;76;21;23;105;13;3;254;40;90;6;105;0;9;172;54;12;6;8;2;3;100;154;1087;624;859;319;1;33;87;3;29;58;12;67;140;74;115;527;73;7;28;8;16;1456;8;11;46;89;19;67;100;31;49;68;59;562;4;125;19;6;184;9;76;1;4;40;260;162;77;116;216;25;9;27;46;64;0;7;66;94;8;4;4;19;151;330;1022;27;15;484;38;497;103;74;18;392;205;20;205;8;200;28;17;96;104;82;7;5;40;22;14;50;58;16;86;504;2;13;142;62;53;267;572;95;8;179;1;2;10;8;4;144;1040;28;292;1326;20;20;17;1;24;1345;176;1;8;33;3
"FLAIBANO";10;23;9;4;8;6;30;9;38;46;25;3;136;54;27;5;23;3;86;50;19;80;7;14;22;110;33;11;25;6;6;40;49;2;5;1;73;1;2;526;35;48;21;8;169;214;1;4;2;10;21;216;20;197;9;0;3;47;32;2;3;0;4;76;19;55;17;16;90;1;29;64;2;22;90;13;95;35;17;5;440;3;20;89;8;7;32;1;14;50;33;24;5;30;26;76;64;23;47;3;88;28;2;43;51;34;3;8;47;271;26;36;49;63;32;7;20;10;27;2;35;46;43;2;9;2;109;137;11;28;6;18;5;52;2;335;4;207;51;33;10;6;111;2;10;25;170;7;11;0;2;3;309;52;56;3;12;352;6;1;9;97;43;27;134;2;54;5;8;3;4;7;23;0;87;105;4;1;633;86;41;22;3;13;75;24;8;25;68;4
"FOGLIANO REDIPUGLIA";51;15;3;97;0;4;26;9;21;23;64;3;29;10;27;0;13;4;31;56;6;48;32;7;17;25;17;0;14;2;3;291;10;4;2;2;130;1;1;106;11;27;231;52;4;7;76;16;0;188;24;39;3;63;172;3;0;27;10;2;3;1;0;45;28;736;571;220;87;1;3;30;5;15;22;12;36;70;9;103;246;34;2;13;5;14;776;11;16;18;23;16;55;15;15;29;26;15;114;2;50;8;3;54;4;17;3;5;25;164;25;31;45;87;14;6;6;7;25;2;6;36;47;0;7;5;12;32;192;698;8;16;57;26;166;61;67;5;60;99;8;176;1;171;10;11;45;26;29;5;4;37;8;10;17;36;5;35;274;2;7;28;29;45;118;65;26;6;27;1;0;6;1;2;65;758;4;140;563;12;7;10;1;6;570;71;1;6;15;0
"FONTANAFREDDA";32;74;10;39;37;20;54;16;3157;1509;122;179;152;47;65;3;2392;927;174;106;45;136;11;2077;35;667;45;14;35;74;17;205;873;2;20;54;176;70;11;702;47;1674;98;42;78;118;24;13;3;136;40;228;112;3956;54;47;27;0;55;20;14;0;32;176;81;330;102;88;642;4;32;316;5;47;122;48;1157;134;41;13;869;18;96;50;29;23;309;22;461;245;97;24;54;72;34;238;73;51;218;9;129;1009;9;183;98;78;764;28;3437;8195;90;84;107;94;1857;27;448;70;47;1;25;85;94;3;31;9;59;265;52;125;33;2562;20;5387;14;419;39;399;230;137;20;36;162;16;25;1241;1161;19;31;26;16;12;83;171;658;29;24;844;42;0;37;149;87;152;294;24;168;9;39;29;26;23;92;12;167;944;11;13;1780;324;60;65;15;48;565;97;13;190;816;16
"FORGARIA NEL FRIULI";7;70;15;15;6;18;214;23;49;39;12;13;76;19;22;16;10;6;460;50;4;64;6;11;9;38;135;22;13;17;28;43;15;1;12;10;111;11;36;157;156;35;25;14;144;155;4;5;0;31;60;289;23;126;12;32;10;55;0;12;5;3;8;463;17;70;18;32;61;5;19;40;5;120;499;21;136;33;11;5;678;3;50;35;35;15;41;0;28;31;34;48;6;16;101;514;112;10;47;10;100;12;12;72;206;10;4;22;33;266;14;87;60;84;21;20;15;4;27;4;150;123;68;24;17;5;194;51;11;36;7;26;4;38;1;675;6;57;33;37;15;6;50;2;16;28;80;6;10;6;11;3;32;114;40;6;20;390;8;0;32;44;196;75;295;11;181;8;3;11;32;107;81;6;294;166;2;3;1002;29;9;89;17;35;109;30;142;21;28;10
"FORNI AVOLTRI";7;91;39;7;1;35;35;13;16;15;17;4;31;11;19;6;16;4;98;24;4;36;8;13;7;22;33;2;11;4;23;42;10;1;13;7;64;4;1;65;20;13;19;18;14;22;5;4;1;32;21;47;3;46;6;2;2;20;12;0;19;11;2;138;13;77;14;19;50;13;5;22;3;23;60;23;44;28;7;5;195;3;9;12;18;12;60;1;6;10;20;7;11;7;33;124;35;7;42;38;42;15;28;53;13;9;2;19;17;101;9;39;43;41;14;161;6;6;15;2;9;47;47;15;22;117;10;33;8;30;3;5;7;22;4;73;10;16;37;30;18;3;5;3;14;13;41;4;7;170;18;6;23;13;15;6;70;47;4;0;82;34;44;67;137;3;312;4;3;2;5;23;9;21;109;125;3;1;397;7;2;66;27;116;75;9;2;3;14;44
"FORNI DI SOPRA";2;33;71;4;0;12;13;4;14;12;16;3;6;2;4;3;11;1;39;19;0;10;3;4;10;3;16;0;6;3;19;31;6;0;6;7;41;2;0;22;7;7;11;7;2;6;2;2;0;10;19;30;2;22;8;3;3;14;5;19;0;46;1;64;6;34;22;13;27;2;2;14;2;12;12;13;14;16;5;0;102;3;6;1;10;4;36;1;4;4;16;10;9;6;14;38;25;8;24;12;17;7;11;20;5;1;0;16;11;43;8;14;14;26;8;35;3;1;10;0;1;13;18;7;11;8;3;16;12;11;4;4;3;13;4;35;6;4;16;13;10;11;0;1;3;3;14;5;7;14;27;0;5;5;9;1;44;20;3;1;29;6;18;35;77;8;124;3;5;0;1;11;4;8;40;72;3;0;200;5;3;25;13;64;38;2;1;4;6;12
"FORNI DI SOTTO";0;21;36;0;1;7;8;3;1;3;3;1;4;1;4;2;0;0;17;3;0;2;0;1;0;1;8;0;2;0;11;4;2;0;3;0;13;2;0;7;5;2;3;1;1;5;1;0;0;2;5;10;1;8;2;0;1;0;3;11;46;0;0;30;5;5;1;2;9;6;0;2;2;3;10;9;5;7;5;0;52;0;1;1;6;2;5;0;1;2;5;1;3;3;9;14;9;0;5;5;8;2;10;10;1;5;0;7;1;10;2;6;8;9;2;13;1;3;3;0;6;8;4;4;5;10;2;9;1;2;0;0;0;2;2;18;1;3;5;1;2;4;5;0;5;0;3;0;2;3;17;0;2;4;0;0;43;6;0;0;13;9;11;20;32;0;78;1;1;0;1;14;0;4;19;23;1;0;81;1;1;12;15;42;12;2;1;0;3;9
"FRISANCO";2;1;0;3;17;0;3;0;87;35;3;29;10;2;1;0;13;6;5;6;0;3;3;23;0;13;2;5;1;53;1;7;19;1;1;9;6;14;2;34;8;62;6;1;9;14;2;0;0;4;3;18;62;126;3;4;0;32;8;2;1;0;0;13;2;10;2;0;14;0;2;13;0;1;3;0;298;2;0;0;77;2;79;2;0;0;7;0;60;9;2;3;1;2;4;11;1;0;1;1;9;26;0;4;27;3;5;2;61;251;0;0;2;9;34;2;7;0;4;0;3;4;5;2;0;0;3;10;4;2;0;34;2;60;0;38;0;28;2;8;0;1;15;0;1;48;40;1;0;0;2;0;7;48;20;0;0;157;2;0;2;4;2;5;11;0;11;0;0;26;59;2;37;0;14;34;0;0;87;22;6;2;0;2;17;3;5;28;33;2
"GEMONA DEL FRIULI";93;891;186;91;14;266;1743;151;223;151;184;26;412;103;128;340;83;28;2249;360;25;360;34;71;60;181;1009;14;104;30;346;456;125;16;146;15;901;7;18;822;475;163;253;98;247;230;38;32;9;196;362;975;33;464;100;76;45;176;463;138;64;30;13;0;104;664;209;271;508;56;81;336;46;1132;1356;247;332;311;77;54;3516;45;59;163;313;123;532;6;83;130;233;219;85;88;728;2494;662;62;454;156;611;57;111;430;202;108;20;267;176;1045;100;689;397;632;103;231;50;62;235;8;222;868;556;185;273;118;370;328;106;309;48;70;51;259;44;1857;56;141;296;284;104;94;78;39;129;81;379;34;85;59;116;21;143;125;157;57;314;658;83;1;404;257;1716;786;2195;90;2346;58;59;7;12;897;77;153;2281;1394;31;29;6451;105;66;1102;172;428;792;177;55;36;163;219
